---
build/images/apple-touch-icon-180x180-7af643fc.png: 2020-10-01 21:18:37.496615394
  +09:00
build/images/sea_078-2adf6e5e.jpg: 2020-10-01 21:18:36.796093845 +09:00
build/images/sea_141-ddec0d75.jpg: 2020-10-01 21:18:36.916978723 +09:00
build/images/sea_003-cdba0e41.jpg: 2020-10-01 21:18:36.855883261 +09:00
build/images/sea_195-c02054ff.jpg: 2020-10-01 21:18:36.976470978 +09:00
build/images/beach-9b09dde0.jpg: 2020-10-01 21:18:36.591530661 +09:00
build/images/sea_033-8d701cdb.jpg: 2020-10-01 21:18:37.049048556 +09:00
build/images/profile-0d6dcc56.jpg: 2020-10-01 21:18:36.602104478 +09:00
build/images/sea_119-dc696b43.jpg: 2020-10-01 21:18:36.742449334 +09:00
build/images/logo-e825e05e.png: 2020-10-01 21:18:37.494980691 +09:00
build/images/sea_199-2a621e67.jpg: 2020-10-01 21:18:37.036004205 +09:00
