---
build/images/kuma_s-545d5def.jpg: 2020-10-04 22:52:40.947513212 +09:00
build/images/apple-touch-icon-180x180-7af643fc.png: 2020-10-04 22:52:41.787216926
  +09:00
build/images/tora_s-6b7d4713.jpg: 2020-10-04 22:52:40.951326482 +09:00
build/images/zou-3128b283.jpg: 2020-10-04 22:52:41.211481572 +09:00
build/images/hakucho-7b8193e0.jpg: 2020-10-04 22:52:41.129985706 +09:00
build/images/sea_078-2adf6e5e.jpg: 2020-10-04 22:52:41.211342265 +09:00
build/images/tsuru-bfe417a3.jpg: 2020-10-04 22:52:41.082690577 +09:00
build/images/zou_s-1182aa6b.jpg: 2020-10-04 22:52:40.930373851 +09:00
build/images/sea_141-ddec0d75.jpg: 2020-10-04 22:52:41.313314103 +09:00
build/images/sea_003-cdba0e41.jpg: 2020-10-04 22:52:41.264457427 +09:00
build/images/saru-a689a1be.jpg: 2020-10-04 22:52:41.270141086 +09:00
build/images/sea_195-c02054ff.jpg: 2020-10-04 22:52:41.355887350 +09:00
build/images/hakucho_s-80911d5c.jpg: 2020-10-04 22:52:41.168186754 +09:00
build/images/beach-9b09dde0.jpg: 2020-10-04 22:52:41.250843595 +09:00
build/images/araiguma_s-9845d62f.jpg: 2020-10-04 22:52:42.532173981 +09:00
build/images/sea_033-8d701cdb.jpg: 2020-10-04 22:52:42.967385268 +09:00
build/images/araiguma-18918409.jpg: 2020-10-04 22:52:42.777428291 +09:00
build/images/profile-0d6dcc56.jpg: 2020-10-04 22:52:42.594427951 +09:00
build/images/sea_119-dc696b43.jpg: 2020-10-04 22:52:42.724020161 +09:00
build/images/logo-e825e05e.png: 2020-10-04 22:52:43.374900447 +09:00
build/images/kuma-1b520f7f.jpg: 2020-10-04 22:52:42.807406164 +09:00
build/images/saru_s-3465f016.jpg: 2020-10-04 22:52:42.541438935 +09:00
build/images/tora-2a6e8581.jpg: 2020-10-04 22:52:42.744015597 +09:00
build/images/sea_199-2a621e67.jpg: 2020-10-04 22:52:42.955514147 +09:00
build/images/tsuru_s-645f8ac0.jpg: 2020-10-04 22:52:42.520356490 +09:00
